#time	V(u2)	V(v1)
0.000000000000000e+000	5.230039e-004	0.000000e+000
1.123478682632495e-008	5.115213e-004	4.951200e-005
2.246957365264990e-008	4.923297e-004	9.902400e-005
3.370436047897485e-008	4.654290e-004	1.485360e-004
4.493914730529980e-008	4.308193e-004	1.980480e-004
5.617393413162475e-008	3.885005e-004	2.475600e-004
6.740872095794970e-008	3.384727e-004	2.970720e-004
7.864350778427462e-008	2.807358e-004	3.465840e-004
5.180534078583398e-006	-2.225832e-002	2.288411e-002
1.028242464938252e-005	-4.471582e-002	4.534037e-002
1.538431522018165e-005	-6.709176e-002	6.771537e-002
2.048620579098077e-005	-8.938615e-002	9.000910e-002
2.558809636177989e-005	-1.115990e-001	1.122216e-001
3.068998693257901e-005	-1.337302e-001	1.343528e-001
3.579187750337812e-005	-1.557800e-001	1.564027e-001
4.207759178909240e-005	-1.828008e-001	1.833758e-001
4.836330607480667e-005	-2.093957e-001	2.099595e-001
5.464902036052094e-005	-2.355645e-001	2.361538e-001
6.093473464623521e-005	-2.613074e-001	2.619588e-001
6.722044893194947e-005	-2.866242e-001	2.873743e-001
7.350616321766376e-005	-3.115149e-001	3.124004e-001
7.979187750337801e-005	-3.359797e-001	3.370371e-001
8.222044893194943e-005	-3.452256e-001	3.463831e-001
8.464902036052086e-005	-3.542283e-001	3.556427e-001
8.707759178909228e-005	-3.629880e-001	3.648161e-001
8.950616321766370e-005	-3.715046e-001	3.739030e-001
9.193473464623513e-005	-3.797782e-001	3.829037e-001
9.436330607480654e-005	-3.878086e-001	3.918181e-001
9.679187750337796e-005	-3.955960e-001	4.006461e-001
1.000775917890922e-004	-4.053029e-001	4.124454e-001
1.033633060748065e-004	-4.142079e-001	4.240560e-001
1.066490203605208e-004	-4.223110e-001	4.354779e-001
1.099347346462351e-004	-4.296122e-001	4.467112e-001
1.132204489319493e-004	-4.361114e-001	4.577558e-001
1.165061632176636e-004	-4.418088e-001	4.686118e-001
1.197918775033779e-004	-4.467041e-001	4.792791e-001
1.233633060748065e-004	-4.513495e-001	4.906418e-001
1.269347346462350e-004	-4.556029e-001	5.017428e-001
1.305061632176636e-004	-4.594642e-001	5.125821e-001
1.340775917890922e-004	-4.629334e-001	5.231597e-001
1.376490203605207e-004	-4.660106e-001	5.334757e-001
1.412204489319493e-004	-4.686958e-001	5.435300e-001
1.447918775033778e-004	-4.709889e-001	5.533226e-001
1.520775917890921e-004	-4.750424e-001	5.724836e-001
1.593633060748064e-004	-4.786457e-001	5.903544e-001
1.666490203605206e-004	-4.817987e-001	6.069350e-001
1.739347346462349e-004	-4.845014e-001	6.222253e-001
1.812204489319492e-004	-4.867539e-001	6.362254e-001
1.885061632176634e-004	-4.885561e-001	6.489353e-001
1.957918775033777e-004	-4.899080e-001	6.603549e-001
2.135061632176637e-004	-4.926638e-001	6.820915e-001
2.312204489319496e-004	-4.943147e-001	6.952592e-001
2.489347346462356e-004	-4.948609e-001	6.998578e-001
2.666490203605215e-004	-4.943022e-001	6.958874e-001
2.843633060748075e-004	-4.926388e-001	6.833481e-001
3.020775917890935e-004	-4.898705e-001	6.622397e-001
3.197918775033794e-004	-4.859974e-001	6.325623e-001
3.257918775033796e-004	-4.843500e-001	6.207407e-001
3.317918775033797e-004	-4.822772e-001	6.080821e-001
3.377918775033799e-004	-4.797789e-001	5.945865e-001
3.437918775033800e-004	-4.768552e-001	5.802540e-001
3.497918775033801e-004	-4.735059e-001	5.650845e-001
3.557918775033803e-004	-4.697313e-001	5.490781e-001
3.617918775033804e-004	-4.655311e-001	5.322347e-001
3.649347346462376e-004	-4.630123e-001	5.231255e-001
3.680775917890949e-004	-4.600978e-001	5.138208e-001
3.712204489319521e-004	-4.567875e-001	5.043207e-001
3.743633060748093e-004	-4.530814e-001	4.946250e-001
3.775061632176665e-004	-4.489796e-001	4.847340e-001
3.806490203605238e-004	-4.444819e-001	4.746474e-001
3.837918775033810e-004	-4.395885e-001	4.643654e-001
3.872204489319525e-004	-4.333608e-001	4.529379e-001
3.906490203605240e-004	-4.262557e-001	4.413133e-001
3.940775917890955e-004	-4.182733e-001	4.294914e-001
3.975061632176670e-004	-4.094136e-001	4.174723e-001
4.009347346462385e-004	-3.996765e-001	4.052560e-001
4.043633060748101e-004	-3.890621e-001	3.928425e-001
4.077918775033816e-004	-3.775703e-001	3.802318e-001
4.105061632176673e-004	-3.680546e-001	3.701260e-001
4.132204489319531e-004	-3.583408e-001	3.599197e-001
4.159347346462389e-004	-3.484289e-001	3.496127e-001
4.186490203605247e-004	-3.383190e-001	3.392053e-001
4.213633060748105e-004	-3.280111e-001	3.286973e-001
4.240775917890962e-004	-3.175051e-001	3.180888e-001
4.267918775033820e-004	-3.068010e-001	3.073797e-001
4.349347346462393e-004	-2.740078e-001	2.745246e-001
4.430775917890967e-004	-2.407031e-001	2.411711e-001
4.512204489319541e-004	-2.068867e-001	2.073193e-001
4.593633060748114e-004	-1.725587e-001	1.729691e-001
4.675061632176687e-004	-1.377191e-001	1.381205e-001
4.756490203605261e-004	-1.023680e-001	1.027736e-001
4.837918775033834e-004	-6.650521e-002	6.692833e-002
4.866490203605263e-004	-5.395144e-002	5.437431e-002
4.895061632176692e-004	-4.139020e-002	4.181287e-002
4.923633060748122e-004	-2.882152e-002	2.924400e-002
4.952204489319551e-004	-1.624537e-002	1.666771e-002
4.980775917890980e-004	-3.661762e-003	4.083989e-003
5.009347346462410e-004	8.929302e-003	-8.507155e-003
5.037918775033838e-004	2.152782e-002	-2.110573e-002
5.105061632176697e-004	5.120748e-002	-5.078467e-002
5.172204489319556e-004	8.066567e-002	-8.024248e-002
5.239347346462415e-004	1.099024e-001	-1.094792e-001
5.306490203605273e-004	1.389176e-001	-1.384947e-001
5.373633060748132e-004	1.677114e-001	-1.672891e-001
5.440775917890991e-004	1.962837e-001	-1.958623e-001
5.507918775033850e-004	2.246346e-001	-2.242145e-001
5.552204489319565e-004	2.431159e-001	-2.426480e-001
5.596490203605280e-004	2.613250e-001	-2.608581e-001
5.640775917890996e-004	2.792621e-001	-2.788447e-001
5.685061632176711e-004	2.969270e-001	-2.966078e-001
5.729347346462427e-004	3.143198e-001	-3.141475e-001
5.773633060748142e-004	3.314404e-001	-3.314636e-001
5.817918775033857e-004	3.482890e-001	-3.485563e-001
5.840775917891001e-004	3.568078e-001	-3.572598e-001
5.863633060748144e-004	3.650718e-001	-3.658849e-001
5.886490203605287e-004	3.730810e-001	-3.744316e-001
5.909347346462431e-004	3.808353e-001	-3.828999e-001
5.932204489319575e-004	3.883348e-001	-3.912898e-001
5.955061632176718e-004	3.955795e-001	-3.996013e-001
5.977918775033861e-004	4.025694e-001	-4.078345e-001
6.007918775033862e-004	4.110363e-001	-4.185063e-001
6.037918775033863e-004	4.187964e-001	-4.290288e-001
6.065061632176721e-004	4.250887e-001	-4.384240e-001
6.092204489319579e-004	4.309014e-001	-4.476846e-001
6.119347346462437e-004	4.362343e-001	-4.568105e-001
6.146490203605293e-004	4.410874e-001	-4.658017e-001
6.173633060748151e-004	4.454609e-001	-4.746582e-001
6.200775917891009e-004	4.493546e-001	-4.833801e-001
6.227918775033867e-004	4.527686e-001	-4.919673e-001
6.267918775033868e-004	4.572147e-001	-5.043683e-001
6.307918775033869e-004	4.612730e-001	-5.164310e-001
6.347918775033870e-004	4.649436e-001	-5.281553e-001
6.387918775033871e-004	4.682265e-001	-5.395412e-001
6.427918775033872e-004	4.711216e-001	-5.505889e-001
6.467918775033873e-004	4.736289e-001	-5.612982e-001
6.507918775033874e-004	4.757485e-001	-5.716692e-001
6.592204489319591e-004	4.795956e-001	-5.924046e-001
6.676490203605306e-004	4.829761e-001	-6.113538e-001
6.760775917891023e-004	4.858899e-001	-6.285168e-001
6.845061632176740e-004	4.883371e-001	-6.438936e-001
6.929347346462456e-004	4.903177e-001	-6.574842e-001
7.013633060748172e-004	4.918315e-001	-6.692887e-001
7.097918775033888e-004	4.928788e-001	-6.793069e-001
7.255061632176750e-004	4.945607e-001	-6.925719e-001
7.412204489319611e-004	4.953684e-001	-6.990991e-001
7.569347346462472e-004	4.953019e-001	-6.988883e-001
7.726490203605333e-004	4.943611e-001	-6.919397e-001
7.883633060748194e-004	4.925460e-001	-6.782531e-001
8.040775917891054e-004	4.898568e-001	-6.578287e-001
8.197918775033915e-004	4.862933e-001	-6.306664e-001
8.256490203605345e-004	4.846470e-001	-6.189936e-001
8.315061632176775e-004	4.825921e-001	-6.065248e-001
8.373633060748205e-004	4.801283e-001	-5.932599e-001
8.432204489319635e-004	4.772557e-001	-5.791991e-001
8.490775917891065e-004	4.739744e-001	-5.643422e-001
8.549347346462496e-004	4.702843e-001	-5.486893e-001
8.607918775033925e-004	4.661854e-001	-5.322405e-001
8.639347346462498e-004	4.636775e-001	-5.231314e-001
8.670775917891069e-004	4.607764e-001	-5.138268e-001
8.702204489319642e-004	4.574821e-001	-5.043268e-001
8.733633060748214e-004	4.537945e-001	-4.946312e-001
8.765061632176786e-004	4.497137e-001	-4.847403e-001
8.796490203605359e-004	4.452397e-001	-4.746538e-001
8.827918775033930e-004	4.403725e-001	-4.643719e-001
8.862204489319646e-004	4.341828e-001	-4.529446e-001
8.896490203605360e-004	4.271138e-001	-4.413201e-001
8.930775917891076e-004	4.191655e-001	-4.294984e-001
8.965061632176791e-004	4.103380e-001	-4.174794e-001
8.999347346462507e-004	4.006311e-001	-4.052632e-001
9.033633060748221e-004	3.900450e-001	-3.928498e-001
9.067918775033936e-004	3.785796e-001	-3.802392e-001
9.095061632176794e-004	3.690752e-001	-3.701335e-001
9.122204489319652e-004	3.593710e-001	-3.599272e-001
9.149347346462510e-004	3.494669e-001	-3.496204e-001
9.176490203605367e-004	3.393630e-001	-3.392130e-001
9.203633060748225e-004	3.290591e-001	-3.287051e-001
9.230775917891083e-004	3.185554e-001	-3.180966e-001
9.257918775033941e-004	3.078518e-001	-3.073876e-001
9.339347346462514e-004	2.750601e-001	-2.745327e-001
9.420775917891085e-004	2.417565e-001	-2.411794e-001
9.502204489319658e-004	2.079410e-001	-2.073277e-001
9.583633060748231e-004	1.736136e-001	-1.729776e-001
9.665061632176804e-004	1.387743e-001	-1.381292e-001
9.746490203605375e-004	1.034231e-001	-1.027823e-001
9.827918775033948e-004	6.755997e-002	-6.693709e-002
9.853633060748232e-004	5.626419e-002	-5.564108e-002
9.879347346462516e-004	4.496121e-002	-4.433791e-002
9.905061632176800e-004	3.365103e-002	-3.302756e-002
9.930775917891082e-004	2.233366e-002	-2.171004e-002
9.956490203605365e-004	1.100909e-002	-1.038536e-002
9.982204489319649e-004	-3.226845e-004	9.465026e-004
1.000791877503393e-003	-1.166165e-002	1.228553e-002
1.001791877503393e-003	-1.606767e-002	1.669156e-002
1.008220448931964e-003	-4.448382e-002	4.510731e-002
1.014649020360535e-003	-7.271128e-002	7.333452e-002
1.021077591789106e-003	-1.007501e-001	1.013732e-001
1.027506163217677e-003	-1.286002e-001	1.292233e-001
1.033934734646248e-003	-1.562616e-001	1.568849e-001
1.040363306074819e-003	-1.837343e-001	1.843580e-001
1.046791877503389e-003	-2.110184e-001	2.116425e-001
1.051506163217675e-003	-2.308132e-001	2.313919e-001
1.056220448931960e-003	-2.503190e-001	2.508952e-001
1.060934734646246e-003	-2.695358e-001	2.701524e-001
1.065649020360531e-003	-2.884636e-001	2.891635e-001
1.070363306074816e-003	-3.071024e-001	3.079284e-001
1.075077591789101e-003	-3.254522e-001	3.264473e-001
1.079791877503387e-003	-3.435131e-001	3.447199e-001
1.082077591789101e-003	-3.520983e-001	3.534553e-001
1.084363306074815e-003	-3.604466e-001	3.621131e-001
1.086649020360529e-003	-3.685580e-001	3.706932e-001
1.088934734646243e-003	-3.764325e-001	3.791957e-001
1.091220448931957e-003	-3.840701e-001	3.876206e-001
1.093506163217671e-003	-3.914708e-001	3.959679e-001
1.095791877503385e-003	-3.986346e-001	4.042375e-001
1.098791877503385e-003	-4.073562e-001	4.149583e-001
1.101791877503385e-003	-4.153868e-001	4.255311e-001
1.104506163217670e-003	-4.219346e-001	4.349730e-001
1.107220448931956e-003	-4.279853e-001	4.442811e-001
1.109934734646241e-003	-4.335391e-001	4.534555e-001
1.112649020360527e-003	-4.385957e-001	4.624963e-001
1.115363306074812e-003	-4.431553e-001	4.714033e-001
1.118077591789098e-003	-4.472179e-001	4.801767e-001
1.120791877503383e-003	-4.507834e-001	4.888163e-001
1.124649020360526e-003	-4.552608e-001	5.008548e-001
1.128506163217668e-003	-4.593525e-001	5.125813e-001
1.132363306074811e-003	-4.630583e-001	5.239956e-001
1.136220448931953e-003	-4.663784e-001	5.350979e-001
1.140077591789096e-003	-4.693126e-001	5.458881e-001
1.143934734646239e-003	-4.718611e-001	5.563663e-001
1.147791877503381e-003	-4.740238e-001	5.665323e-001
1.155934734646238e-003	-4.779572e-001	5.869626e-001
1.164077591789094e-003	-4.814242e-001	6.057401e-001
1.172220448931950e-003	-4.844247e-001	6.228648e-001
1.180363306074807e-003	-4.869588e-001	6.383368e-001
1.188506163217663e-003	-4.890266e-001	6.521559e-001
1.196649020360520e-003	-4.906279e-001	6.643223e-001
1.204791877503376e-003	-4.917628e-001	6.748359e-001
1.220934734646232e-003	-4.936930e-001	6.901475e-001
1.237077591789088e-003	-4.947053e-001	6.983426e-001
1.253220448931944e-003	-4.947997e-001	6.994212e-001
1.269363306074799e-003	-4.939762e-001	6.933832e-001
1.285506163217655e-003	-4.922349e-001	6.802286e-001
1.301649020360511e-003	-4.895756e-001	6.599575e-001
1.317791877503367e-003	-4.859985e-001	6.325699e-001
1.323791877503366e-003	-4.843513e-001	6.207488e-001
1.329791877503366e-003	-4.822787e-001	6.080908e-001
1.335791877503365e-003	-4.797806e-001	5.945958e-001
1.341791877503365e-003	-4.768572e-001	5.802638e-001
1.347791877503364e-003	-4.735083e-001	5.650949e-001
1.353791877503364e-003	-4.697340e-001	5.490890e-001
1.359791877503363e-003	-4.655343e-001	5.322462e-001
1.362934734646220e-003	-4.630159e-001	5.231372e-001
1.366077591789077e-003	-4.601017e-001	5.138328e-001
1.369220448931934e-003	-4.567918e-001	5.043329e-001
1.372363306074791e-003	-4.530862e-001	4.946375e-001
1.375506163217648e-003	-4.489850e-001	4.847466e-001
1.378649020360504e-003	-4.444880e-001	4.746603e-001
1.381791877503361e-003	-4.395953e-001	4.643785e-001
1.385220448931932e-003	-4.333687e-001	4.529513e-001
1.388649020360504e-003	-4.262646e-001	4.413269e-001
1.392077591789075e-003	-4.182832e-001	4.295053e-001
1.395506163217646e-003	-4.094244e-001	4.174865e-001
1.398934734646217e-003	-3.996883e-001	4.052704e-001
1.402363306074788e-003	-3.890748e-001	3.928571e-001
1.405791877503359e-003	-3.775839e-001	3.802466e-001
1.408506163217645e-003	-3.680686e-001	3.701409e-001
1.411220448931930e-003	-3.583552e-001	3.599347e-001
1.413934734646216e-003	-3.484437e-001	3.496280e-001
1.416649020360501e-003	-3.383341e-001	3.392207e-001
1.419363306074787e-003	-3.280264e-001	3.287129e-001
1.422077591789072e-003	-3.175206e-001	3.181045e-001
1.424791877503358e-003	-3.068168e-001	3.073955e-001
1.432934734646214e-003	-2.740240e-001	2.745408e-001
1.441077591789071e-003	-2.407196e-001	2.411876e-001
1.449220448931927e-003	-2.069035e-001	2.073361e-001
1.457363306074784e-003	-1.725758e-001	1.729861e-001
1.465506163217640e-003	-1.377364e-001	1.381378e-001
1.473649020360496e-003	-1.023854e-001	1.027910e-001
1.481791877503353e-003	-6.652272e-002	6.694584e-002
1.484649020360495e-003	-5.396898e-002	5.439185e-002
1.487506163217638e-003	-4.140777e-002	4.183043e-002
1.490363306074781e-003	-2.883909e-002	2.926158e-002
1.493220448931923e-003	-1.626296e-002	1.668529e-002
1.496077591789066e-003	-3.679354e-003	4.101580e-003
1.498934734646209e-003	8.911711e-003	-8.489565e-003
1.501791877503351e-003	2.151024e-002	-2.108814e-002
1.508506163217636e-003	5.118994e-002	-5.076713e-002
1.515220448931921e-003	8.064820e-002	-8.022501e-002
1.521934734646207e-003	1.098850e-001	-1.094618e-001
1.528649020360492e-003	1.389004e-001	-1.384774e-001
1.535363306074777e-003	1.676943e-001	-1.672720e-001
1.542077591789062e-003	1.962669e-001	-1.958454e-001
1.548791877503347e-003	2.246179e-001	-2.241978e-001
1.553220448931918e-003	2.430993e-001	-2.426315e-001
1.557649020360489e-003	2.613087e-001	-2.608418e-001
1.562077591789060e-003	2.792459e-001	-2.788286e-001
1.566506163217632e-003	2.969111e-001	-2.965919e-001
1.570934734646203e-003	3.143042e-001	-3.141317e-001
1.575363306074774e-003	3.314252e-001	-3.314481e-001
1.579791877503345e-003	3.482741e-001	-3.485410e-001
1.582077591789059e-003	3.567932e-001	-3.572446e-001
1.584363306074773e-003	3.650575e-001	-3.658699e-001
1.586649020360487e-003	3.730671e-001	-3.744167e-001
1.588934734646201e-003	3.808219e-001	-3.828852e-001
1.591220448931915e-003	3.883219e-001	-3.912753e-001
1.593506163217629e-003	3.955672e-001	-3.995869e-001
1.595791877503343e-003	4.025576e-001	-4.078202e-001
1.598791877503343e-003	4.110255e-001	-4.184922e-001
1.601791877503343e-003	4.187865e-001	-4.290149e-001
1.604506163217628e-003	4.250798e-001	-4.384103e-001
1.607220448931914e-003	4.308932e-001	-4.476711e-001
1.609934734646199e-003	4.362269e-001	-4.567971e-001
1.612649020360485e-003	4.410808e-001	-4.657885e-001
1.615363306074770e-003	4.454549e-001	-4.746453e-001
1.618077591789056e-003	4.493492e-001	-4.833674e-001
1.620791877503341e-003	4.527637e-001	-4.919548e-001
1.624791877503341e-003	4.572104e-001	-5.043561e-001
1.628791877503341e-003	4.612692e-001	-5.164191e-001
1.632791877503340e-003	4.649403e-001	-5.281437e-001
1.636791877503340e-003	4.682235e-001	-5.395300e-001
1.640791877503340e-003	4.711190e-001	-5.505780e-001
1.644791877503339e-003	4.736266e-001	-5.612877e-001
1.648791877503339e-003	4.757464e-001	-5.716590e-001
1.657220448931910e-003	4.795939e-001	-5.923952e-001
1.665649020360480e-003	4.829746e-001	-6.113452e-001
1.674077591789051e-003	4.858887e-001	-6.285090e-001
1.682506163217622e-003	4.883362e-001	-6.438867e-001
1.690934734646193e-003	4.903169e-001	-6.574782e-001
1.699363306074763e-003	4.918309e-001	-6.692835e-001
1.707791877503334e-003	4.928783e-001	-6.793027e-001
1.723506163217618e-003	4.945604e-001	-6.925694e-001
1.739220448931903e-003	4.953683e-001	-6.990983e-001
1.754934734646187e-003	4.953019e-001	-6.988892e-001
1.770649020360471e-003	4.943614e-001	-6.919423e-001
1.786363306074756e-003	4.925466e-001	-6.782575e-001
1.802077591789040e-003	4.898576e-001	-6.578347e-001
1.817791877503325e-003	4.862944e-001	-6.306741e-001
1.823649020360467e-003	4.846483e-001	-6.190018e-001
1.829506163217609e-003	4.825935e-001	-6.065336e-001
1.835363306074752e-003	4.801300e-001	-5.932693e-001
1.841220448931894e-003	4.772577e-001	-5.792090e-001
1.847077591789036e-003	4.739768e-001	-5.643526e-001
1.852934734646179e-003	4.702870e-001	-5.487003e-001
1.858791877503321e-003	4.661886e-001	-5.322519e-001
1.861934734646178e-003	4.636810e-001	-5.231431e-001
1.865077591789035e-003	4.607803e-001	-5.138387e-001
1.868220448931892e-003	4.574864e-001	-5.043390e-001
1.871363306074749e-003	4.537994e-001	-4.946437e-001
1.874506163217606e-003	4.497191e-001	-4.847530e-001
1.877649020360462e-003	4.452458e-001	-4.746668e-001
1.880791877503319e-003	4.403793e-001	-4.643851e-001
1.884220448931890e-003	4.341906e-001	-4.529580e-001
1.887649020360462e-003	4.271227e-001	-4.413338e-001
1.891077591789033e-003	4.191754e-001	-4.295123e-001
1.894506163217604e-003	4.103488e-001	-4.174935e-001
1.897934734646175e-003	4.006429e-001	-4.052776e-001
1.901363306074746e-003	3.900577e-001	-3.928644e-001
1.904791877503317e-003	3.785931e-001	-3.802540e-001
1.907506163217603e-003	3.690892e-001	-3.701484e-001
1.910220448931888e-003	3.593854e-001	-3.599423e-001
1.912934734646174e-003	3.494817e-001	-3.496356e-001
1.915649020360459e-003	3.393781e-001	-3.392284e-001
1.918363306074745e-003	3.290745e-001	-3.287206e-001
1.921077591789030e-003	3.185710e-001	-3.181123e-001
1.923791877503316e-003	3.078676e-001	-3.074034e-001
1.931934734646173e-003	2.750763e-001	-2.745489e-001
1.940077591789030e-003	2.417730e-001	-2.411959e-001
1.948220448931888e-003	2.079578e-001	-2.073445e-001
1.956363306074745e-003	1.736306e-001	-1.729947e-001
1.964506163217602e-003	1.387915e-001	-1.381464e-001
1.972649020360460e-003	1.034405e-001	-1.027997e-001
1.980791877503317e-003	6.757749e-002	-6.695460e-002
1.983363306074746e-003	5.628173e-002	-5.565862e-002
1.985934734646175e-003	4.497877e-002	-4.435546e-002
1.988506163217604e-003	3.366861e-002	-3.304513e-002
1.991077591789033e-003	2.235124e-002	-2.172763e-002
1.993649020360462e-003	1.102668e-002	-1.040295e-002
1.996220448931890e-003	-3.050921e-004	9.289094e-004
1.998791877503319e-003	-1.164406e-002	1.226794e-002
1.999791877503320e-003	-1.605021e-002	1.667411e-002
2.000000000000000e-003	-1.696717e-002	1.759107e-002
